-100 0.999945
-99 0.999945
-98 0.999945
-97 0.999945
-96 0.999945
-95 0.999945
-94 0.999945
-93 0.999945
-92 0.999945
-91 0.999945
-90 0.999945
-89 0.999945
-88 0.999945
-87 0.999945
-86 0.999945
-85 0.999945
-84 0.999945
-83 0.999945
-82 0.999945
-81 0.999946
-80 0.999946
-79 0.999946
-78 0.999946
-77 0.999946
-76 0.999946
-75 0.999946
-74 0.999946
-73 0.999946
-72 0.999946
-71 0.999946
-70 0.999946
-69 0.999946
-68 0.999946
-67 0.999946
-66 0.999946
-65 0.999946
-64 0.999946
-63 0.999946
-62 0.999946
-61 0.999946
-60 0.999946
-59 0.999946
-58 0.999946
-57 0.999946
-56 0.999947
-55 0.999947
-54 0.999947
-53 0.999947
-52 0.999947
-51 0.999947
-50 0.999947
-49 0.999947
-48 0.999947
-47 0.999947
-46 0.999947
-45 0.999947
-44 0.999947
-43 0.999947
-42 0.999947
-41 0.999947
-40 0.999947
-39 0.999947
-38 0.999947
-37 0.999947
-36 0.999947
-35 0.999947
-34 0.999947
-33 0.999947
-32 0.999947
-31 0.999947
-30 0.999947
-29 0.999947
-28 0.999947
-27 0.999947
-26 0.999947
-25 0.999947
-24 0.999947
-23 0.999947
-22 0.999947
-21 0.999947
-20 0.999947
-19 0.999947
-18 0.999947
-17 0.999947
-16 0.999947
-15 0.999947
-14 0.999947
-13 0.999947
-12 0.999947
-11 0.999947
-10 0.999947
-9 0.999947
-8 0.999947
-7 0.999947
-6 0.999947
-5 0.999947
-4 0.999948
-3 0.999948
-2 0.999948
-1 0.999948
0 0.999948
1 0.999948
2 0.999948
3 0.999948
4 0.999948
5 0.999948
6 0.999948
7 0.999948
8 0.999948
9 0.999948
10 0.999948
11 0.999948
12 0.999948
13 0.999948
14 0.999948
15 0.999948
16 0.999948
17 0.999948
18 0.999948
19 0.999948
20 0.999948
21 0.999948
22 0.999948
23 0.999948
24 0.999948
25 0.999948
26 0.999948
27 0.999948
28 0.999948
29 0.999948
30 0.999948
31 0.999948
32 0.999948
33 0.999948
34 0.999948
35 0.999948
36 0.999948
37 0.999948
38 0.999948
39 0.999948
40 0.999948
41 0.999948
42 0.999948
43 0.999948
44 0.999948
45 0.999948
46 0.999947
47 0.999947
48 0.999947
49 0.999947
50 0.999947
51 0.999947
52 0.999947
53 0.999947
54 0.999947
55 0.999947
56 0.999947
57 0.999947
58 0.999946
59 0.999946
60 0.999946
61 0.999946
62 0.999946
63 0.999946
64 0.999945
65 0.999945
66 0.999945
67 0.999945
68 0.999945
69 0.999945
70 0.999945
71 0.999945
72 0.999945
73 0.999945
74 0.999945
75 0.999945
76 0.999945
77 0.999945
78 0.999945
79 0.999944
80 0.999944
81 0.999944
82 0.999944
83 0.999944
84 0.999944
85 0.999944
86 0.999944
87 0.999943
88 0.999943
89 0.999943
90 0.999943
91 0.999943
92 0.999943
93 0.999943
94 0.999943
95 0.999943
96 0.999943
97 0.999942
98 0.999942
99 0.999942
