-100 0.999945
-99 0.999945
-98 0.999945
-97 0.999945
-96 0.999945
-95 0.999945
-94 0.999945
-93 0.999945
-92 0.999945
-91 0.999946
-90 0.999946
-89 0.999946
-88 0.999946
-87 0.999946
-86 0.999946
-85 0.999946
-84 0.999946
-83 0.999946
-82 0.999946
-81 0.999946
-80 0.999946
-79 0.999946
-78 0.999946
-77 0.999946
-76 0.999946
-75 0.999946
-74 0.999946
-73 0.999946
-72 0.999946
-71 0.999946
-70 0.999946
-69 0.999946
-68 0.999946
-67 0.999946
-66 0.999946
-65 0.999946
-64 0.999946
-63 0.999946
-62 0.999946
-61 0.999946
-60 0.999946
-59 0.999946
-58 0.999946
-57 0.999946
-56 0.999946
-55 0.999946
-54 0.999946
-53 0.999946
-52 0.999946
-51 0.999946
-50 0.999946
-49 0.999946
-48 0.999946
-47 0.999947
-46 0.999947
-45 0.999947
-44 0.999947
-43 0.999947
-42 0.999947
-41 0.999947
-40 0.999947
-39 0.999947
-38 0.999947
-37 0.999947
-36 0.999947
-35 0.999947
-34 0.999947
-33 0.999947
-32 0.999947
-31 0.999947
-30 0.999947
-29 0.999947
-28 0.999948
-27 0.999948
-26 0.999948
-25 0.999948
-24 0.999948
-23 0.999948
-22 0.999948
-21 0.999948
-20 0.999948
-19 0.999948
-18 0.999948
-17 0.999948
-16 0.999948
-15 0.999948
-14 0.999949
-13 0.999949
-12 0.999949
-11 0.999949
-10 0.999949
-9 0.999949
-8 0.999949
-7 0.999949
-6 0.999949
-5 0.999949
-4 0.999949
-3 0.999949
-2 0.999949
-1 0.999949
0 0.999949
1 0.99995
2 0.99995
3 0.99995
4 0.99995
5 0.99995
6 0.99995
7 0.99995
8 0.99995
9 0.99995
10 0.99995
11 0.99995
12 0.99995
13 0.99995
14 0.99995
15 0.99995
16 0.99995
17 0.99995
18 0.99995
19 0.99995
20 0.999951
21 0.999951
22 0.999951
23 0.999951
24 0.999951
25 0.999951
26 0.999951
27 0.999951
28 0.999951
29 0.999951
30 0.999951
31 0.999951
32 0.999951
33 0.999951
34 0.999951
35 0.999952
36 0.999952
37 0.999952
38 0.999952
39 0.999952
40 0.999952
41 0.999953
42 0.999953
43 0.999953
44 0.999953
45 0.999953
46 0.999953
47 0.999953
48 0.999954
49 0.999954
50 0.999954
51 0.999956
52 0.999955
53 0.999955
54 0.999955
55 0.999955
56 0.999955
57 0.999955
58 0.999955
59 0.999955
60 0.999955
61 0.999955
62 0.999955
63 0.999955
64 0.999955
65 0.999955
66 0.999955
67 0.999955
68 0.999955
69 0.999955
70 0.999955
71 0.999955
72 0.999955
73 0.999955
74 0.999954
75 0.999954
76 0.999954
77 0.999954
78 0.999954
79 0.999954
80 0.999954
81 0.999954
82 0.999954
83 0.999954
84 0.999954
85 0.999954
86 0.999954
87 0.999954
88 0.999954
89 0.999954
90 0.999954
91 0.999953
92 0.999953
93 0.999953
94 0.999953
95 0.999953
96 0.999953
97 0.999953
98 0.999953
99 0.999953
