-100 0.999948
-99 0.999948
-98 0.999948
-97 0.999948
-96 0.999948
-95 0.999948
-94 0.999948
-93 0.999948
-92 0.999948
-91 0.999948
-90 0.999948
-89 0.999948
-88 0.999948
-87 0.999948
-86 0.999948
-85 0.999948
-84 0.999948
-83 0.999948
-82 0.999948
-81 0.999948
-80 0.999948
-79 0.999948
-78 0.999948
-77 0.999948
-76 0.999948
-75 0.999948
-74 0.999948
-73 0.999948
-72 0.999947
-71 0.999947
-70 0.999947
-69 0.999949
-68 0.999949
-67 0.999949
-66 0.999949
-65 0.999949
-64 0.999949
-63 0.999949
-62 0.999949
-61 0.999949
-60 0.999949
-59 0.999949
-58 0.999949
-57 0.999949
-56 0.999949
-55 0.999948
-54 0.999948
-53 0.999948
-52 0.999948
-51 0.999948
-50 0.999948
-49 0.999948
-48 0.999948
-47 0.999948
-46 0.999947
-45 0.999947
-44 0.999947
-43 0.999947
-42 0.999947
-41 0.999947
-40 0.999947
-39 0.999947
-38 0.999947
-37 0.999947
-36 0.999947
-35 0.999947
-34 0.999947
-33 0.999946
-32 0.999946
-31 0.999946
-30 0.999946
-29 0.999946
-28 0.999946
-27 0.999946
-26 0.999946
-25 0.999945
-24 0.999945
-23 0.999945
-22 0.999945
-21 0.999945
-20 0.999945
-19 0.999945
-18 0.999945
-17 0.999944
-16 0.999944
-15 0.999944
-14 0.999944
-13 0.999944
-12 0.999944
-11 0.999944
-10 0.999944
-9 0.999943
-8 0.999943
-7 0.999943
-6 0.999943
-5 0.999943
-4 0.999943
-3 0.999943
-2 0.999943
-1 0.999943
0 0.999943
1 0.999943
2 0.999943
3 0.999942
4 0.999942
5 0.999942
6 0.999942
7 0.999942
8 0.999942
9 0.999942
10 0.999942
11 0.999942
12 0.999942
13 0.999942
14 0.999942
15 0.999941
16 0.999941
17 0.999941
18 0.999941
19 0.999941
20 0.999941
21 0.999941
22 0.999941
23 0.999941
24 0.999941
25 0.999941
26 0.999941
27 0.999941
28 0.99994
29 0.99994
30 0.99994
31 0.99994
32 0.99994
33 0.99994
34 0.99994
35 0.99994
36 0.99994
37 0.99994
38 0.99994
39 0.99994
40 0.99994
41 0.99994
42 0.99994
43 0.99994
44 0.99994
45 0.99994
46 0.99994
47 0.99994
48 0.99994
49 0.99994
50 0.99994
51 0.99994
52 0.99994
53 0.99994
54 0.99994
55 0.99994
56 0.99994
57 0.99994
58 0.99994
59 0.99994
60 0.99994
61 0.99994
62 0.99994
63 0.99994
64 0.99994
65 0.99994
66 0.99994
67 0.99994
68 0.99994
69 0.99994
70 0.999939
71 0.999939
72 0.999939
73 0.999939
74 0.999939
75 0.999939
76 0.999939
77 0.999939
78 0.999939
79 0.999939
80 0.999939
81 0.999939
82 0.999938
83 0.999938
84 0.999938
85 0.999938
86 0.999938
87 0.999938
88 0.999938
89 0.999938
90 0.999938
91 0.999938
92 0.999938
93 0.999937
94 0.999937
95 0.999937
96 0.999937
97 0.999937
98 0.999937
99 0.999937
