-100 49.2254
-99 49.2044
-98 49.1759
-97 49.1433
-96 49.1243
-95 49.0991
-94 49.0774
-93 49.0578
-92 49.046
-91 49.0375
-90 49.0276
-89 49.017
-88 49.0172
-87 49.0067
-86 48.9862
-85 48.9701
-84 48.9424
-83 48.9229
-82 48.9104
-81 48.9008
-80 48.8893
-79 48.8821
-78 48.8756
-77 48.8778
-76 48.8681
-75 48.8334
-74 48.807
-73 48.7832
-72 48.769
-71 48.7683
-70 48.7688
-69 48.7717
-68 48.7795
-67 48.7956
-66 48.8163
-65 48.8407
-64 48.8762
-63 48.8961
-62 48.8887
-61 48.8492
-60 48.8091
-59 48.7713
-58 48.7266
-57 48.6823
-56 48.6423
-55 48.5909
-54 48.5547
-53 48.4933
-52 48.435
-51 48.3574
-50 48.2964
-49 48.2232
-48 48.1644
-47 48.1117
-46 48.073
-45 48.0534
-44 48.0392
-43 48.0376
-42 48.0295
-41 48.0396
-40 48.0205
-39 47.9578
-38 47.9006
-37 47.8238
-36 47.7516
-35 47.6833
-34 47.6176
-33 47.5503
-32 47.4878
-31 47.4266
-30 47.3504
-29 47.2781
-28 47.2102
-27 47.1478
-26 47.0919
-25 47.0235
-24 46.9618
-23 46.9048
-22 46.8492
-21 46.7956
-20 46.7247
-19 46.6569
-18 46.5909
-17 46.5178
-16 46.4438
-15 46.376
-14 46.307
-13 46.2376
-12 46.1738
-11 46.1026
-10 46.0346
-9 45.9702
-8 45.9128
-7 45.8576
-6 45.8069
-5 45.7578
-4 45.7142
-3 45.6734
-2 45.6178
-1 45.5659
0 45.5185
1 45.4297
2 45.377
3 45.3444
4 45.3023
5 45.2638
6 45.2324
7 45.1555
8 45.109
9 45.0792
10 45.0493
11 45.006
12 44.9674
13 44.9062
14 44.8429
15 44.7841
16 44.7313
17 44.6763
18 44.6116
19 44.575
20 44.5326
21 44.5091
22 44.5128
23 44.4554
24 44.4098
25 44.3489
26 44.2704
27 44.1995
28 44.1444
29 44.0979
30 44.0508
31 43.9583
32 43.8724
33 43.7955
34 43.7094
35 43.6256
36 43.5478
37 43.4991
38 43.4671
39 43.2053
40 42.9493
41 42.7189
42 42.5146
43 42.3321
44 42.1768
45 42.0476
46 41.9518
47 41.8941
48 41.8424
49 41.8159
50 41.8123
51 40.0339
52 40.0718
53 40.1331
54 40.2011
55 40.2743
56 40.3579
57 40.4471
58 40.447
59 40.4564
60 40.4745
61 40.4807
62 40.5001
63 40.5218
64 40.543
65 40.5764
66 40.618
67 40.6526
68 40.6937
69 40.7467
70 40.8028
71 40.8709
72 40.9152
73 40.9304
74 40.9601
75 40.9685
76 40.9886
77 41.0209
78 41.0641
79 41.1109
80 41.1576
81 41.2074
82 41.2604
83 41.319
84 41.3838
85 41.4452
86 41.5111
87 41.5833
88 41.6533
89 41.7282
90 41.8011
91 41.8734
92 41.9399
93 41.9878
94 42.0518
95 42.1248
96 42.2008
97 42.28
98 42.3635
99 42.4301
