-100 46.8212
-99 46.8179
-98 46.819
-97 46.8273
-96 46.8382
-95 46.8376
-94 46.8387
-93 46.843
-92 46.8236
-91 46.8292
-90 46.8483
-89 46.8514
-88 46.8509
-87 46.8754
-86 46.8756
-85 46.8878
-84 46.916
-83 46.918
-82 46.8348
-81 46.7654
-80 46.72
-79 46.6725
-78 46.6554
-77 46.6819
-76 46.7131
-75 46.7591
-74 46.8154
-73 46.8844
-72 46.9394
-71 47.0009
-70 47.0401
-69 45.281
-68 45.3097
-67 45.3331
-66 45.3344
-65 45.3511
-64 45.373
-63 45.4135
-62 45.4243
-61 45.4584
-60 45.4792
-59 45.5624
-58 45.6683
-57 45.7919
-56 45.9418
-55 46.0805
-54 46.142
-53 46.2081
-52 46.2989
-51 46.409
-50 46.5379
-49 46.6713
-48 46.8233
-47 46.8867
-46 46.9573
-45 47.0261
-44 47.0867
-43 47.15
-42 47.2197
-41 47.2782
-40 47.3316
-39 47.3899
-38 47.454
-37 47.5254
-36 47.6096
-35 47.6858
-34 47.7713
-33 47.8658
-32 47.966
-31 48.0678
-30 48.1814
-29 48.2867
-28 48.3954
-27 48.5055
-26 48.6193
-25 48.7385
-24 48.8582
-23 48.9814
-22 49.1001
-21 49.2207
-20 49.3436
-19 49.4677
-18 49.5745
-17 49.6886
-16 49.8062
-15 49.9403
-14 50.0547
-13 50.1732
-12 50.2832
-11 50.4017
-10 50.507
-9 50.6112
-8 50.6608
-7 50.7228
-6 50.7793
-5 50.8434
-4 50.9086
-3 50.975
-2 51.0527
-1 51.1305
0 51.2135
1 51.299
2 51.3853
3 51.4743
4 51.5535
5 51.6482
6 51.7418
7 51.8144
8 51.8362
9 51.88
10 51.949
11 52.0362
12 52.1135
13 52.1939
14 52.2666
15 52.3464
16 52.399
17 52.4568
18 52.5249
19 52.6018
20 52.6752
21 52.7473
22 52.7598
23 52.809
24 52.8871
25 52.9623
26 53.0228
27 53.1038
28 53.1915
29 53.274
30 53.3581
31 53.4435
32 53.442
33 53.4449
34 53.4436
35 53.4559
36 53.4831
37 53.4838
38 53.4875
39 53.4881
40 53.4923
41 53.4986
42 53.5354
43 53.5453
44 53.5468
45 53.5195
46 53.5157
47 53.519
48 53.5222
49 53.5249
50 53.5303
51 53.5397
52 53.5596
53 53.5941
54 53.6409
55 53.6538
56 53.6712
57 53.6929
58 53.7198
59 53.755
60 53.7811
61 53.814
62 53.8522
63 53.8799
64 53.9065
65 53.9256
66 53.9511
67 53.9903
68 54.0278
69 54.0719
70 54.121
71 54.1805
72 54.3564
73 54.4668
74 54.5251
75 54.5824
76 54.6447
77 54.7084
78 54.7762
79 54.837
80 54.9001
81 54.9687
82 55.0376
83 55.1032
84 55.1729
85 55.2991
86 55.3568
87 55.4346
88 55.5133
89 55.5974
90 55.6744
91 55.7644
92 55.8455
93 55.9331
94 56.0265
95 56.1233
96 56.2248
97 56.3345
98 56.4455
99 56.5536
