-100 42.8524
-99 42.831
-98 42.7985
-97 42.7705
-96 42.7489
-95 42.7305
-94 42.684
-93 42.6187
-92 42.5708
-91 42.5322
-90 42.5022
-89 42.4632
-88 42.4275
-87 42.3897
-86 42.3894
-85 42.3549
-84 42.3188
-83 42.2824
-82 42.2465
-81 42.2129
-80 42.1777
-79 42.1354
-78 42.0988
-77 42.0939
-76 42.0652
-75 42.0283
-74 41.9937
-73 41.9606
-72 41.9289
-71 41.9002
-70 41.8701
-69 41.8467
-68 41.831
-67 41.8016
-66 41.7764
-65 41.7526
-64 41.7358
-63 41.7215
-62 41.7125
-61 41.6768
-60 41.6395
-59 41.5676
-58 41.5099
-57 41.4594
-56 41.4245
-55 41.3939
-54 41.3702
-53 41.3469
-52 41.3295
-51 41.3169
-50 41.304
-49 41.2908
-48 41.2687
-47 41.2477
-46 41.2358
-45 41.234
-44 41.2591
-43 41.2398
-42 41.2088
-41 41.1902
-40 41.1634
-39 41.1337
-38 41.1221
-37 41.1014
-36 41.0886
-35 41.0672
-34 41.0525
-33 40.9993
-32 40.965
-31 40.9452
-30 40.9368
-29 40.9272
-28 40.921
-27 40.9188
-26 40.9143
-25 40.9041
-24 40.9025
-23 40.8997
-22 40.9057
-21 40.9239
-20 40.9612
-19 41.0141
-18 41.0398
-17 41.043
-16 41.0112
-15 40.997
-14 40.9454
-13 40.9202
-12 40.9008
-11 40.8784
-10 40.8597
-9 40.8456
-8 40.8263
-7 40.7847
-6 40.7389
-5 40.6955
-4 40.6613
-3 40.6355
-2 40.5848
-1 40.5396
0 40.4989
1 40.4602
2 40.4272
3 40.3974
4 40.3844
5 40.3574
6 40.3352
7 40.319
8 40.2963
9 40.2735
10 40.2494
11 40.231
12 40.2195
13 40.2153
14 40.2122
15 40.2068
16 40.2095
17 40.211
18 40.2155
19 40.2387
20 40.2543
21 40.2608
22 40.262
23 40.259
24 40.3521
25 40.3517
26 40.355
27 40.364
28 40.3784
29 40.4127
30 40.4431
31 40.4793
32 40.5183
33 40.5283
34 40.5456
35 40.5704
36 40.6003
37 40.6441
38 40.6012
39 40.5619
40 40.5269
41 40.5086
42 40.5153
43 40.5477
44 40.585
45 40.6434
46 40.7059
47 40.7622
48 40.8197
49 40.88
50 40.9384
51 41.0007
52 41.0594
53 41.1266
54 41.2038
55 41.2748
56 41.3478
57 41.4223
58 41.5111
59 41.6203
60 41.7449
61 41.8371
62 41.9548
63 42.0918
64 42.2329
65 42.2692
66 42.3136
67 42.3174
68 42.3374
69 42.3794
70 42.4306
71 42.4828
72 42.5519
73 42.6186
74 42.6878
75 42.7606
76 42.836
77 42.9107
78 42.9868
79 43.0564
80 43.1385
81 43.2368
82 43.3104
83 43.392
84 43.481
85 43.5796
86 43.6745
87 43.7753
88 43.874
89 43.9708
90 44.057
91 44.1461
92 44.218
93 44.2925
94 44.3665
95 44.4341
96 44.5045
97 44.5765
98 44.6496
99 44.7195
