-100 49.4024
-99 49.3871
-98 49.3768
-97 49.3841
-96 49.3779
-95 49.4102
-94 49.4123
-93 49.3537
-92 49.2964
-91 49.2405
-90 49.1807
-89 49.1224
-88 49.0727
-87 49.0246
-86 48.9757
-85 48.9217
-84 48.8592
-83 48.804
-82 48.7488
-81 48.6933
-80 48.6421
-79 48.5982
-78 48.5473
-77 48.5043
-76 48.4244
-75 48.3674
-74 48.318
-73 48.2676
-72 48.2194
-71 48.1717
-70 48.1278
-69 48.0857
-68 48.0453
-67 47.9945
-66 47.9568
-65 47.9049
-64 47.8699
-63 47.8312
-62 47.7951
-61 47.7624
-60 47.7223
-59 47.6796
-58 47.6336
-57 47.5867
-56 47.5454
-55 47.4958
-54 47.4558
-53 47.4018
-52 47.3563
-51 47.3126
-50 47.2513
-49 47.1498
-48 47.063
-47 46.991
-46 46.9333
-45 46.8771
-44 46.8291
-43 46.7856
-42 46.7474
-41 46.7507
-40 46.7034
-39 46.654
-38 46.6099
-37 46.5463
-36 46.4822
-35 46.4276
-34 46.3749
-33 46.3257
-32 46.2822
-31 46.2282
-30 46.1695
-29 45.8261
-28 45.5111
-27 45.2298
-26 44.9781
-25 44.7424
-24 44.5368
-23 44.3611
-22 44.2019
-21 44.0654
-20 43.954
-19 43.8634
-18 43.8062
-17 43.7466
-16 43.6941
-15 43.6292
-14 43.5923
-13 43.564
-12 43.5369
-11 43.5322
-10 43.4854
-9 43.4411
-8 43.4008
-7 43.3665
-6 43.332
-5 43.3886
-4 43.3645
-3 43.3432
-2 43.3262
-1 43.3104
0 43.2942
1 43.2791
2 43.2735
3 43.2668
4 43.2518
5 43.2364
6 43.1914
7 43.1578
8 43.1352
9 43.1231
10 43.1131
11 43.1053
12 43.1142
13 43.1127
14 43.1193
15 43.1148
16 43.1058
17 43.1077
18 43.1135
19 43.121
20 43.1253
21 43.1289
22 43.1456
23 43.1565
24 43.1577
25 43.1515
26 43.1542
27 43.1798
28 43.1867
29 43.1993
30 43.2158
31 41.4474
32 41.4505
33 41.4499
34 41.4613
35 41.4813
36 41.5117
37 41.5477
38 41.5742
39 41.6087
40 41.6282
41 41.6265
42 41.6294
43 41.6356
44 41.6501
45 41.673
46 41.6792
47 41.6912
48 41.7128
49 41.7438
50 41.7786
51 41.8289
52 41.8493
53 41.8718
54 41.8927
55 41.9153
56 41.9436
57 41.9774
58 41.9869
59 41.9972
60 42.0193
61 42.045
62 42.037
63 42.0371
64 42.0467
65 42.0708
66 42.094
67 42.126
68 42.1673
69 42.2182
70 42.2756
71 42.3437
72 42.3928
73 42.4458
74 42.5051
75 42.5607
76 42.6013
77 42.655
78 42.7177
79 42.7686
80 42.8231
81 42.887
82 42.9726
83 43.0241
84 43.0853
85 43.1449
86 43.2024
87 43.2395
88 43.2784
89 43.3292
90 43.3536
91 43.3824
92 43.411
93 43.4422
94 43.4744
95 43.5112
96 43.5428
97 43.5813
98 43.6158
99 43.6539
