-100 0.999937
-99 0.999937
-98 0.999937
-97 0.999937
-96 0.999937
-95 0.999937
-94 0.999937
-93 0.999937
-92 0.999937
-91 0.999937
-90 0.999937
-89 0.999937
-88 0.999937
-87 0.999937
-86 0.999937
-85 0.999937
-84 0.999937
-83 0.999938
-82 0.999938
-81 0.999938
-80 0.999938
-79 0.999938
-78 0.999938
-77 0.999938
-76 0.999938
-75 0.999938
-74 0.999938
-73 0.999938
-72 0.999938
-71 0.999938
-70 0.999938
-69 0.999938
-68 0.999938
-67 0.999939
-66 0.999939
-65 0.999939
-64 0.999939
-63 0.999939
-62 0.999939
-61 0.999939
-60 0.999939
-59 0.999939
-58 0.999939
-57 0.999939
-56 0.999939
-55 0.999939
-54 0.999939
-53 0.999939
-52 0.999939
-51 0.999939
-50 0.999939
-49 0.99994
-48 0.99994
-47 0.99994
-46 0.99994
-45 0.99994
-44 0.99994
-43 0.99994
-42 0.99994
-41 0.99994
-40 0.99994
-39 0.99994
-38 0.99994
-37 0.99994
-36 0.99994
-35 0.999941
-34 0.999941
-33 0.999941
-32 0.999941
-31 0.999941
-30 0.999941
-29 0.999941
-28 0.999942
-27 0.999942
-26 0.999942
-25 0.999943
-24 0.999943
-23 0.999943
-22 0.999943
-21 0.999944
-20 0.999944
-19 0.999944
-18 0.999944
-17 0.999944
-16 0.999944
-15 0.999944
-14 0.999944
-13 0.999944
-12 0.999944
-11 0.999944
-10 0.999944
-9 0.999944
-8 0.999944
-7 0.999944
-6 0.999945
-5 0.999944
-4 0.999944
-3 0.999945
-2 0.999945
-1 0.999945
0 0.999945
1 0.999945
2 0.999945
3 0.999945
4 0.999945
5 0.999945
6 0.999945
7 0.999945
8 0.999945
9 0.999945
10 0.999945
11 0.999945
12 0.999945
13 0.999945
14 0.999945
15 0.999945
16 0.999945
17 0.999945
18 0.999945
19 0.999945
20 0.999945
21 0.999945
22 0.999945
23 0.999945
24 0.999945
25 0.999945
26 0.999945
27 0.999945
28 0.999945
29 0.999945
30 0.999945
31 0.999947
32 0.999947
33 0.999947
34 0.999947
35 0.999947
36 0.999947
37 0.999947
38 0.999947
39 0.999947
40 0.999947
41 0.999947
42 0.999947
43 0.999947
44 0.999947
45 0.999947
46 0.999947
47 0.999947
48 0.999947
49 0.999947
50 0.999947
51 0.999946
52 0.999946
53 0.999946
54 0.999946
55 0.999946
56 0.999946
57 0.999946
58 0.999946
59 0.999946
60 0.999946
61 0.999946
62 0.999946
63 0.999946
64 0.999946
65 0.999946
66 0.999946
67 0.999946
68 0.999946
69 0.999946
70 0.999946
71 0.999946
72 0.999946
73 0.999946
74 0.999946
75 0.999946
76 0.999945
77 0.999945
78 0.999945
79 0.999945
80 0.999945
81 0.999945
82 0.999945
83 0.999945
84 0.999945
85 0.999945
86 0.999945
87 0.999945
88 0.999945
89 0.999945
90 0.999944
91 0.999944
92 0.999944
93 0.999944
94 0.999944
95 0.999944
96 0.999944
97 0.999944
98 0.999944
99 0.999944
